Face (99.99905395507812%)
  HAPPY : 46.13108825683594%
  CONFUSED : 6.082427501678467%
  SURPRISED : 2.971428632736206%
  Sharpness : 99.9945297241211
  Brightness : 44.8785285949707

